structure(list(aasta = c(2003L, 2003L, 2004L, 2004L, 2004L, 2004L, 
2005L, 2005L, 2005L, 2005L, 2006L, 2006L, 2006L, 2006L, 2007L, 
2007L, 2007L, 2007L, 2008L, 2008L, 2008L, 2008L, 2009L, 2009L, 
2009L, 2009L, 2010L, 2010L, 2010L, 2010L, 2011L, 2011L, 2011L, 
2011L, 2012L, 2012L, 2012L, 2012L, 2013L, 2013L, 2013L, 2013L, 
2014L, 2014L, 2014L, 2014L, 2015L, 2015L), kvartal = c(3L, 4L, 
1L, 2L, 3L, 4L, 1L, 2L, 3L, 4L, 1L, 2L, 3L, 4L, 1L, 2L, 3L, 4L, 
1L, 2L, 3L, 4L, 1L, 2L, 3L, 4L, 1L, 2L, 3L, 4L, 1L, 2L, 3L, 4L, 
1L, 2L, 3L, 4L, 1L, 2L, 3L, 4L, 1L, 2L, 3L, 4L, 1L, 2L), Kiirhinnang = c(0.043, 
0.058, 0.068, 0.06, 0.062, 0.058, 0.07, 0.1, 0.108, 0.105, 0.116, 
0.12, 0.116, 0.112, 0.099, 0.073, 0.064, 0.045, 0.004, -0.014, 
-0.033, -0.094, -0.156, -0.166, -0.153, -0.094, -0.023, 0.035, 
0.047, 0.066, 0.08, 0.084, 0.079, 0.04, 0.039, 0.02, 0.034, 0.037, 
0.01, 0.013, 0.004, 0, -0.019, 0.022, 0.021, 0.027, 0.012, 0.019
), SKP.kasv.praegu = c(0.0681974675, 0.0740314813, 0.1025441346, 
0.0328863101, 0.0601235419, 0.0601723496, 0.0374073112, 0.1190827623, 
0.1041677136, 0.1111318554, 0.1141115029, 0.0956809534, 0.0979543116, 
0.1042929043, 0.10440217, 0.0922473435, 0.0662890096, 0.0508911066, 
-0.0491831292, -0.0224553713, -0.0261915751, -0.1171941965, -0.123534817, 
-0.1707038484, -0.1930124701, -0.0958813861, -0.0332165558, 0.0175376102, 
0.048856281, 0.063416507, 0.087181688, 0.0759811443, 0.089464471, 
0.0531165396, 0.0616454899, 0.0607145136, 0.0430884837, 0.0428694258, 
0.0258888851, 0.001263855, 0.0095084712, 0.0268306317, 0.0249532713, 
0.0291997975, 0.0274015893, 0.0342373797, 0.0113382409, 0.0202179565
), kuup = structure(c(2L, 1L, 4L, 5L, 6L, 3L, 8L, 9L, 10L, 7L, 
12L, 13L, 14L, 11L, 16L, 17L, 18L, 15L, 20L, 21L, 22L, 19L, 24L, 
25L, 26L, 23L, 28L, 29L, 30L, 27L, 32L, 33L, 34L, 31L, 36L, 37L, 
38L, 35L, 40L, 41L, 42L, 39L, 44L, 45L, 46L, 43L, 47L, 48L), .Label = c("2003-11-15", 
"2003-8-15", "2004-11-15", "2004-2-15", "2004-5-15", "2004-8-15", 
"2005-11-15", "2005-2-15", "2005-5-15", "2005-8-15", "2006-11-15", 
"2006-2-15", "2006-5-15", "2006-8-15", "2007-11-15", "2007-2-15", 
"2007-5-15", "2007-8-15", "2008-11-15", "2008-2-15", "2008-5-15", 
"2008-8-15", "2009-11-15", "2009-2-15", "2009-5-15", "2009-8-15", 
"2010-11-15", "2010-2-15", "2010-5-15", "2010-8-15", "2011-11-15", 
"2011-2-15", "2011-5-15", "2011-8-15", "2012-11-15", "2012-2-15", 
"2012-5-15", "2012-8-15", "2013-11-15", "2013-2-15", "2013-5-15", 
"2013-8-15", "2014-11-15", "2014-2-15", "2014-5-15", "2014-8-15", 
"2015-2-15", "2015-5-15"), class = "factor"), erinevus = c(0.0251974675, 
0.0160314813, 0.0345441346, -0.0271136899, -0.0018764581, 0.0021723496, 
-0.0325926888, 0.0190827623, -0.0038322864, 0.0061318554, -0.00188849710000001, 
-0.0243190466, -0.0180456884, -0.0077070957, 0.00540217, 0.0192473435, 
0.0022890096, 0.0058911066, -0.0531831292, -0.0084553713, 0.0068084249, 
-0.0231941965, 0.032465183, -0.00470384839999999, -0.0400124701, 
-0.00188138609999999, -0.0102165558, -0.0174623898, 0.001856281, 
-0.00258349300000001, 0.00718168799999999, -0.00801885570000001, 
0.010464471, 0.0131165396, 0.0226454899, 0.0407145136, 0.0090884837, 
0.0058694258, 0.0158888851, -0.011736145, 0.0055084712, 0.0268306317, 
0.0439532713, 0.0071997975, 0.0064015893, 0.0072373797, -0.000661759100000001, 
0.0012179565), abserinevus = c(0.0251974675, 0.0160314813, 0.0345441346, 
0.0271136899, 0.0018764581, 0.0021723496, 0.0325926888, 0.0190827623, 
0.0038322864, 0.0061318554, 0.00188849710000001, 0.0243190466, 
0.0180456884, 0.0077070957, 0.00540217, 0.0192473435, 0.0022890096, 
0.0058911066, 0.0531831292, 0.0084553713, 0.0068084249, 0.0231941965, 
0.032465183, 0.00470384839999999, 0.0400124701, 0.00188138609999999, 
0.0102165558, 0.0174623898, 0.001856281, 0.00258349300000001, 
0.00718168799999999, 0.00801885570000001, 0.010464471, 0.0131165396, 
0.0226454899, 0.0407145136, 0.0090884837, 0.0058694258, 0.0158888851, 
0.011736145, 0.0055084712, 0.0268306317, 0.0439532713, 0.0071997975, 
0.0064015893, 0.0072373797, 0.000661759100000001, 0.0012179565
), correlation = c(0.962697434185188, 0.962697434185188, 0.962697434185188, 
0.962697434185188, 0.962697434185188, 0.962697434185188, 0.962697434185188, 
0.962697434185188, 0.962697434185188, 0.962697434185188, 0.962697434185188, 
0.962697434185188, 0.962697434185188, 0.962697434185188, 0.962697434185188, 
0.962697434185188, 0.962697434185188, 0.962697434185188, 0.962697434185188, 
0.962697434185188, 0.962697434185188, 0.962697434185188, 0.962697434185188, 
0.962697434185188, 0.962697434185188, 0.962697434185188, 0.962697434185188, 
0.962697434185188, 0.962697434185188, 0.962697434185188, 0.962697434185188, 
0.962697434185188, 0.962697434185188, 0.962697434185188, 0.962697434185188, 
0.962697434185188, 0.962697434185188, 0.962697434185188, 0.962697434185188, 
0.962697434185188, 0.962697434185188, 0.962697434185188, 0.962697434185188, 
0.962697434185188, 0.962697434185188, 0.962697434185188, 0.962697434185188, 
0.962697434185188)), .Names = c("aasta", "kvartal", "Kiirhinnang", 
"SKP.kasv.praegu", "kuup", "erinevus", "abserinevus", "correlation"
), row.names = c(NA, -48L), class = "data.frame")
